1,1,537.0920407327144,141.97497499504578,559.5195925680669,188.81753599128234,5.0,-1,-1,-1
1,2,562.2644652038653,142.32443204122194,580.0482179016035,188.36701998514525,4.0,-1,-1,-1
1,3,546.4385985827555,143.2713774527711,567.2324829602132,189.25891124351796,3.0,-1,-1,-1
1,4,477.37741049465427,136.5308826566179,546.2104496127677,334.3636791109602,2.0,-1,-1,-1
1,5,386.12695322234697,148.76930256380243,488.7582396487468,355.0275266598304,1.0,-1,-1,-1
2,1,561.3473334528286,143.12586540801297,578.8182252619675,187.76251213786995,4.0,-1,-1,-1
2,2,502.59058705851885,149.50254671960087,553.4959798741502,324.97245268571476,2.0,-1,-1,-1
2,3,392.62356105615595,149.86842306222508,496.0400711587945,356.70768481334136,1.0,-1,-1,-1
3,1,511.635908651577,147.04490033635702,568.1895220083445,329.284847330219,2.0,-1,-1,-1
3,2,411.0953253612467,154.19182713599633,501.6112549571039,351.2683350387831,1.0,-1,-1,-1
4,1,516.5251647205012,141.82397167709877,581.2921455394719,337.80756987315897,2.0,-1,-1,-1
4,2,439.50421691630953,160.6195889255605,510.66454597463354,340.5667609720581,1.0,-1,-1,-1
5,1,525.4979012582951,137.16283168773083,598.9555306292236,345.72491813833005,2.0,-1,-1,-1
5,2,454.39200635086206,163.4044401239363,521.1135707013731,344.6332323397454,1.0,-1,-1,-1
6,1,531.6437395105137,138.96969147933396,610.833774470426,351.48440620371736,2.0,-1,-1,-1
6,2,464.4881875218275,155.32463185810752,538.716200372841,352.11180839751364,1.0,-1,-1,-1
7,1,536.684145678257,141.72013935790648,617.4815254142684,354.5703085453717,2.0,-1,-1,-1
7,2,471.19285166807106,156.0621265283594,547.644177375723,357.1207416018568,1.0,-1,-1,-1
8,1,555.5283900788352,143.3815430247236,626.9441133454434,349.17740991376945,2.0,-1,-1,-1
8,2,483.85220157841394,158.69486629809234,559.9224857847794,361.25936749336785,1.0,-1,-1,-1
9,1,570.4509422133663,142.62396684770437,637.9022238542359,346.87599099390275,2.0,-1,-1,-1
9,2,504.1017728497071,161.80875268196172,573.3839152261024,360.0174962665914,1.0,-1,-1,-1
10,1,495.375221604593,145.70697512627277,519.3677816147806,197.71278747759692,7.0,-1,-1,-1
10,2,583.7295347220315,144.11738761602174,654.6577496838297,352.42038480949094,2.0,-1,-1,-1
10,3,521.7745261902365,159.3739147465959,590.7424095998721,360.6506544747357,1.0,-1,-1,-1
11,1,496.9184087681061,145.51710269995982,520.5085418090787,199.73766646191729,7.0,-1,-1,-1
11,2,599.8481390601055,144.10466542641967,676.434114978083,355.8886409596589,2.0,-1,-1,-1
11,3,537.885162913555,154.78615645350277,616.2198901500421,362.5662230490888,1.0,-1,-1,-1
12,1,498.65075648772404,145.2469914456726,521.211117697316,199.59244182089637,7.0,-1,-1,-1
12,2,612.8183464472473,145.08681019356297,690.9023554213712,358.87860345188574,2.0,-1,-1,-1
12,3,543.0914270712027,153.07224593380934,632.6072435585021,366.43346591816123,1.0,-1,-1,-1
13,1,517.3795649667499,139.52576083586942,537.4177348473453,194.28426803925996,8.0,-1,-1,-1
13,2,498.7717815570785,144.97928079851494,521.7449647832968,201.50960564878307,7.0,-1,-1,-1
13,3,624.882092438893,146.12811548575186,698.7447772154402,359.5661134857454,2.0,-1,-1,-1
13,4,549.5532685997933,151.44301683356238,643.7389583375367,367.95495332572057,1.0,-1,-1,-1
14,1,501.0767455180318,144.11503092480166,524.5332374915426,202.20909536951132,7.0,-1,-1,-1
14,2,637.5597131217925,147.4863752941535,706.1481863639409,358.9704765876035,2.0,-1,-1,-1
14,3,566.3187947067478,150.8827879057634,657.1078863790398,367.882865085695,1.0,-1,-1,-1
15,1,277.68838346682196,147.22758805025654,350.8919387693769,323.2994186158254,9.0,-1,-1,-1
15,2,504.19214949032215,144.36412585485752,527.3274766196176,202.33740007715173,7.0,-1,-1,-1
15,3,651.2819764257239,147.1668148974731,718.2027204867444,360.3415661236358,2.0,-1,-1,-1
15,4,588.5748938444228,151.52562318945365,673.0558888180781,366.7787594436836,1.0,-1,-1,-1
16,1,540.2601050956731,150.4054941489453,560.9208874995016,200.07906798420765,11.0,-1,-1,-1
16,2,474.76072076844326,143.90043053543425,493.18355447229436,184.30110361041855,10.0,-1,-1,-1
16,3,289.625076940471,147.76075740460328,361.874417237183,324.1928691309739,9.0,-1,-1,-1
16,4,506.38605506370203,144.33427237905673,529.8584164664409,204.40977733791138,7.0,-1,-1,-1
16,5,660.4600075022518,145.59244608031042,732.2893904589291,364.08836314864044,2.0,-1,-1,-1
16,6,595.0877174702109,150.82634856657694,678.0305893264308,366.93115795282506,1.0,-1,-1,-1
17,1,540.450633560799,149.83875711973045,560.6637342248117,199.71879232220053,11.0,-1,-1,-1
17,2,469.747001120276,143.41270743562941,489.2411957278296,186.392554194942,10.0,-1,-1,-1
17,3,299.82829983703374,144.1150641250622,371.09690303444205,322.51407760944323,9.0,-1,-1,-1
17,4,507.33166325160454,144.70858966072683,531.1621478137614,206.88512787291052,7.0,-1,-1,-1
17,5,670.4344528644785,146.1994213271205,747.5735296631005,366.2768410343821,2.0,-1,-1,-1
17,6,599.4336128484322,152.66654058223486,687.5384296225984,369.4030614478873,1.0,-1,-1,-1
18,1,543.8860109764497,147.87261626521655,564.6661571599158,198.47420806535888,11.0,-1,-1,-1
18,2,465.26484753642853,142.08530419231863,484.05740659740434,184.20447382004858,10.0,-1,-1,-1
18,3,315.621523536965,145.2064811558491,392.0410319718666,325.12873040429713,9.0,-1,-1,-1
18,4,508.4665053048796,144.60481797645997,532.1378018910285,207.92908011520353,7.0,-1,-1,-1
18,5,679.7153154852957,145.02913962937362,759.8440471167199,367.06477758473125,2.0,-1,-1,-1
18,6,607.6262474715627,152.08442834949142,699.515376956869,369.1726241700844,1.0,-1,-1,-1
19,1,543.2244178198698,146.39939495263351,564.8178684045745,198.0750215586872,11.0,-1,-1,-1
19,2,462.0847015258727,142.46519713998026,479.26250746541984,182.18470755191822,10.0,-1,-1,-1
19,3,324.7530406828736,144.6054605975887,410.4447677779581,328.7793937005184,9.0,-1,-1,-1
19,4,509.99800463509524,143.85020667173376,533.7726538600994,207.9166688630508,7.0,-1,-1,-1
19,5,695.3464124814961,145.14673621430728,772.6150389990541,366.57520350397857,2.0,-1,-1,-1
19,6,625.6947293463052,152.06890586912908,717.0694364879923,368.67547810231014,1.0,-1,-1,-1
20,1,266.3644080514974,167.1164810013494,333.6944813605748,343.36351757576915,16.0,-1,-1,-1
20,2,540.409632680464,146.68159660650014,563.1034067212106,200.2147680628567,11.0,-1,-1,-1
20,3,458.95731604734885,142.03752097001208,476.8160742791571,183.56887338575936,10.0,-1,-1,-1
20,4,334.6068690774141,145.73221514923267,425.460586321659,329.48340800250634,9.0,-1,-1,-1
20,5,510.4223401104464,142.3986183193176,534.7687827586676,208.30577341924644,7.0,-1,-1,-1
20,6,710.2846655742181,142.25101556938415,781.9690029390046,360.19627996952767,2.0,-1,-1,-1
20,7,650.107368858976,150.94629343780863,737.2434892070115,366.6067983269428,1.0,-1,-1,-1
21,1,1080.1154503132054,134.89973660950602,1162.05880915401,378.7668948101755,17.0,-1,-1,-1
21,2,267.27420584118425,167.21094698833969,345.47334254114656,348.9280780524204,16.0,-1,-1,-1
21,3,541.2740683665804,146.5796734575647,563.3551121090416,198.5314821505654,11.0,-1,-1,-1
21,4,455.2069248825385,142.58393274398463,473.3866061952399,185.2328928428488,10.0,-1,-1,-1
21,5,348.56282769790494,142.87279891646057,431.6809789891515,323.79078412165893,9.0,-1,-1,-1
21,6,512.9924063188537,140.60891201955803,537.2276614312414,206.24850778145844,7.0,-1,-1,-1
21,7,729.2837470572806,143.25314371565986,801.1999869290096,362.9369906100371,2.0,-1,-1,-1
21,8,669.3722362873287,148.20015595328297,756.2563804239404,366.5068326718085,1.0,-1,-1,-1
22,1,485.8003236913909,140.72049759140742,502.47372073964596,177.3643024638257,19.0,-1,-1,-1
22,2,1029.6955609477527,131.34964274394048,1133.0705182495885,385.20326707872454,17.0,-1,-1,-1
22,3,288.9602948039465,154.07835195073014,357.0509838144781,316.04521213750877,16.0,-1,-1,-1
22,4,541.3389015593381,144.51825277438465,563.6045894132895,196.64871520420272,11.0,-1,-1,-1
22,5,450.43659052221363,143.93535181607837,470.192508284138,191.5801854375768,10.0,-1,-1,-1
22,6,362.6527579142806,151.90327840365268,445.10072346198507,327.9635103896968,9.0,-1,-1,-1
22,7,746.1669174741922,142.96310682617934,820.3729556260593,365.0139659271406,2.0,-1,-1,-1
22,8,686.0541202742029,149.15557228393672,776.2209684621341,367.7941506044999,1.0,-1,-1,-1
23,1,990.2446317088225,137.2076391818026,1108.832916156225,385.70107011889456,17.0,-1,-1,-1
23,2,302.2796236018643,147.7714032045066,366.84042854333995,307.0267454247034,16.0,-1,-1,-1
23,3,542.4089315847048,145.10798639771963,563.9989090568838,197.19179991638657,11.0,-1,-1,-1
23,4,443.1146197916227,142.51024807794406,466.81449123479587,195.44563344395195,10.0,-1,-1,-1
23,5,379.4963692267652,150.88723107106705,462.88665665107123,327.35186340894035,9.0,-1,-1,-1
23,6,762.7880099892078,143.0763582716574,842.1972605840143,365.8374792737918,2.0,-1,-1,-1
23,7,699.2372227543777,150.068506328253,798.2423727754928,369.0156687763316,1.0,-1,-1,-1
24,1,955.8831833490873,141.6181110891607,1073.7680189143366,382.6372915626072,17.0,-1,-1,-1
24,2,315.19270795157735,143.86859479370978,387.23962820033495,323.64815979903506,16.0,-1,-1,-1
24,3,543.3854510128195,146.6485513856899,564.0767743740049,197.8228391486376,11.0,-1,-1,-1
24,4,396.0549467324567,152.31919987700257,478.6180780095046,328.3423848259414,9.0,-1,-1,-1
24,5,777.8419393913541,143.07058191762798,855.9076211999418,366.7016258163348,2.0,-1,-1,-1
24,6,705.0927529237749,148.6489270667887,811.2768076214463,369.17606288576565,1.0,-1,-1,-1
25,1,932.7617714033174,143.6009312617284,1039.7591730885647,375.9008504203729,17.0,-1,-1,-1
25,2,322.9320580652845,147.05037439758422,397.3568934972396,334.5138351504766,16.0,-1,-1,-1
25,3,543.4873113905279,148.8720967661539,563.3653728494863,198.44522853462655,11.0,-1,-1,-1
25,4,401.3380593000374,164.7260271618847,486.7431195082459,333.79755780492707,9.0,-1,-1,-1
25,5,521.1258134950251,140.95131042934716,543.8694908209429,204.47620539372676,7.0,-1,-1,-1
25,6,792.174786998821,142.39024451462478,866.2526096324987,366.17481126918045,2.0,-1,-1,-1
25,7,719.2086287542954,146.2690067796779,820.0959180209356,367.47709309827286,1.0,-1,-1,-1
26,1,501.797384585409,139.34298548915103,521.5629049440593,178.7344341387098,22.0,-1,-1,-1
26,2,912.1442942535746,143.17568419683525,1013.3902991696284,372.50456895884804,17.0,-1,-1,-1
26,3,334.86951892226193,148.7454772801358,412.7012201138765,341.46297065698764,16.0,-1,-1,-1
26,4,544.2650526226391,148.82628780164464,563.8493822915607,198.7363951983246,11.0,-1,-1,-1
26,5,416.7003358011054,158.74751880613684,500.7666016088729,330.80077567582447,9.0,-1,-1,-1
26,6,521.323811985146,142.5212314720406,545.311745330705,209.28128261841022,7.0,-1,-1,-1
26,7,810.2385322049994,138.61930249823314,882.1428226935276,363.34628109308125,2.0,-1,-1,-1
26,8,743.4944542258313,144.91898232740414,840.247773560192,366.6490370206585,1.0,-1,-1,-1
27,1,580.2652218618516,149.68002362239315,598.7791057418297,198.77394354221718,23.0,-1,-1,-1
27,2,880.4405546986079,147.1126760800692,993.5386278931362,376.6549814877008,17.0,-1,-1,-1
27,3,341.434233236477,145.97851083187095,424.20998634750606,346.0588777010815,16.0,-1,-1,-1
27,4,433.9756616854142,152.7418387901862,512.7990248458586,327.6916975563035,9.0,-1,-1,-1
27,5,521.8329438224273,143.18257625838098,546.1287135837508,211.70086503070544,7.0,-1,-1,-1
27,6,831.6604600803627,130.55933440917042,907.8274259146912,331.21284134959296,2.0,-1,-1,-1
27,7,756.1677734074701,144.98651629383775,855.4064734140322,366.7512856292151,1.0,-1,-1,-1
28,1,579.3680317114363,145.20317340706038,600.0751097541661,199.76302419425804,23.0,-1,-1,-1
28,2,865.2626174342271,147.66336558288612,983.4479924354979,375.1499873229489,17.0,-1,-1,-1
28,3,363.0427230843564,143.89629676447106,438.30969904948796,341.48463790578484,16.0,-1,-1,-1
28,4,448.9408574534135,149.890366967215,524.4014122610465,328.9356108104648,9.0,-1,-1,-1
28,5,522.7396640179556,143.38523408542744,547.3035660193032,213.19075285683533,7.0,-1,-1,-1
28,6,840.8682410768204,148.84401696251734,917.3528033618368,352.71968363076434,2.0,-1,-1,-1
28,7,760.8586526063201,146.72468537899414,863.9604558800501,368.19048522918473,1.0,-1,-1,-1
29,1,579.8008010074302,145.9495816555855,601.1811187351216,201.87895888024966,23.0,-1,-1,-1
29,2,844.0832784598208,145.526068982487,958.1467151531685,372.8175271868639,17.0,-1,-1,-1
29,3,374.8666972423217,142.18705720220441,446.3142162318575,341.2692234026795,16.0,-1,-1,-1
29,4,459.77142433820455,155.23183721138219,544.3649825920608,335.1868470902296,9.0,-1,-1,-1
29,5,522.0067832289336,142.02035139472005,548.1605783329663,213.4408264964542,7.0,-1,-1,-1
29,6,770.3865542785463,146.55051095914575,878.4886659552737,369.2995246837172,1.0,-1,-1,-1
30,1,579.510745714453,147.11470347169214,601.5345104456977,202.8965022655402,23.0,-1,-1,-1
30,2,494.3878639466516,139.4465576584132,519.0754791374179,182.60253422725248,22.0,-1,-1,-1
30,3,380.87967129574935,136.74370210566423,452.67261767959195,345.9995031589293,16.0,-1,-1,-1
30,4,541.6057539820633,147.3173142415513,561.2998618228476,203.56351779931208,11.0,-1,-1,-1
30,5,468.04960250501887,159.05615478399096,558.1208445600279,338.74061380382136,9.0,-1,-1,-1
30,6,526.0570141566067,142.28944532708798,553.6205436386725,214.42497970363897,7.0,-1,-1,-1
30,7,797.0817017434395,146.2234500983698,900.825118669432,367.63125306082,1.0,-1,-1,-1
31,1,582.2157450596027,147.06206241692817,603.572571185526,202.71013576521975,23.0,-1,-1,-1
31,2,492.4582112536137,138.84330994966433,515.7267642969194,181.8997567814357,22.0,-1,-1,-1
31,3,392.03416023595184,144.3372351306848,471.0303568814742,352.44182006381715,16.0,-1,-1,-1
31,4,543.3896023793629,145.16207042328537,563.2291351198628,200.65366781333162,11.0,-1,-1,-1
31,5,474.8080786204263,160.00142176016544,568.7155172678896,342.2428983262084,9.0,-1,-1,-1
31,6,824.09267330244,147.41291408402748,922.8608262188756,367.3616882197031,1.0,-1,-1,-1
32,1,583.9402399131726,147.64814841868684,604.7121577975043,203.4887325089303,23.0,-1,-1,-1
32,2,492.7302157652545,139.18956142574098,514.8954775494343,181.84919453623343,22.0,-1,-1,-1
32,3,396.79751834510637,139.61075582138812,484.0935529125296,357.35410058011826,16.0,-1,-1,-1
32,4,493.1049130140767,161.165955807098,578.1071890077316,342.1152741042395,9.0,-1,-1,-1
32,5,920.0779700258115,131.11555544008127,1000.4194333561147,339.23048036237276,2.0,-1,-1,-1
32,6,851.3015538908003,146.4897762543277,954.1056569415234,367.3863505250704,1.0,-1,-1,-1
33,1,587.1251472369588,147.36214593578762,606.8396337075947,201.75287803381667,23.0,-1,-1,-1
33,2,491.5097228134402,139.9989980225603,512.0894143477335,182.2198938116642,22.0,-1,-1,-1
33,3,741.7625974583036,154.32638754809327,846.6478917842112,364.25882811820213,17.0,-1,-1,-1
33,4,404.8999078157483,135.26897609745092,490.95622815504294,355.2471931092389,16.0,-1,-1,-1
33,5,514.466265251126,156.61925147809808,592.4018659570735,341.75393378862776,9.0,-1,-1,-1
33,6,938.7401223439771,137.39928772802966,1018.8904774749079,351.95541107740553,2.0,-1,-1,-1
33,7,870.6804276344551,145.9017513564242,974.0539626210277,367.6314860200818,1.0,-1,-1,-1
34,1,589.27279920963,147.17589472202957,608.6792075850908,197.45063073532913,23.0,-1,-1,-1
34,2,723.4376988443535,155.29214106638722,814.7096841277546,359.2370317820537,17.0,-1,-1,-1
34,3,421.578916988864,141.28571671679134,504.802925758086,360.3319501521024,16.0,-1,-1,-1
34,4,532.129915925225,157.4579695430109,611.624026271085,346.8172326528295,9.0,-1,-1,-1
34,5,952.4685106768536,138.779004835367,1038.9612309356205,359.2270891722012,2.0,-1,-1,-1
34,6,889.7280950584652,144.99731075280837,998.2381468393216,368.5960514252771,1.0,-1,-1,-1
35,1,697.1203405384391,155.96010477570857,791.7625214374644,357.99411725505354,17.0,-1,-1,-1
35,2,440.87401241487794,130.74271731990768,524.4474477287368,358.7603599766122,16.0,-1,-1,-1
35,3,541.5465151120274,155.0793112246441,628.2809892672805,352.0910547728797,9.0,-1,-1,-1
35,4,924.938080950137,142.56208529024696,1046.3312624124233,369.22131561927614,1.0,-1,-1,-1
36,1,676.0104891936073,159.12663132224537,780.750506966883,356.6539002129345,17.0,-1,-1,-1
36,2,457.5944470272507,137.25620728900896,543.1237428815539,364.53556694795526,16.0,-1,-1,-1
36,3,551.7203487217225,153.6829886711134,642.5974252872745,356.4876496559407,9.0,-1,-1,-1
36,4,950.5120709234502,142.01417344945295,1081.040833859123,369.13883439418646,1.0,-1,-1,-1
37,1,662.4753152856359,160.08827291549545,765.6436363735191,354.68056933060103,17.0,-1,-1,-1
37,2,464.8719337436537,138.77025919729607,554.6600950353195,366.2276731443281,16.0,-1,-1,-1
37,3,571.10615557509,152.56392716862896,659.150157290818,357.72527035970177,9.0,-1,-1,-1
37,4,970.907894111878,139.83277952369508,1106.1023596444386,368.1734503398964,1.0,-1,-1,-1
38,1,549.4920374392042,142.8269480525256,574.6383822569518,218.8557335633741,32.0,-1,-1,-1
38,2,643.422804409687,159.28864372836046,733.3101668222811,351.67447948006696,17.0,-1,-1,-1
38,3,473.6046004676144,149.45156580642129,566.1358971612119,371.4752633574303,16.0,-1,-1,-1
38,4,588.8385950341184,151.3486949963234,672.3097244242448,358.3899885137445,9.0,-1,-1,-1
38,5,993.8996372292385,137.24861698005338,1134.1510098741742,368.17751042870765,1.0,-1,-1,-1
39,1,633.1632247750657,162.0635992980155,710.0466792177959,352.06694991300895,17.0,-1,-1,-1
39,2,487.90689380932236,143.17906170132568,580.9383504643722,368.33752707037166,16.0,-1,-1,-1
39,3,603.6970980099895,151.68616204581465,692.2389125083021,361.3144291847675,9.0,-1,-1,-1
39,4,1019.8502845017431,134.05844114261726,1167.2975666933178,366.80926078051255,1.0,-1,-1,-1
40,1,512.2950372138225,133.9827506353418,601.9484666032306,361.3186093655969,16.0,-1,-1,-1
40,2,606.8191113891394,147.55373658916523,704.2302010516601,363.2048390901989,9.0,-1,-1,-1
40,3,1048.4808853508073,133.9635988641167,1201.8307259116689,367.65030361976306,1.0,-1,-1,-1
41,1,527.5018906816679,138.96564647541288,612.0398440905033,364.02066333209484,16.0,-1,-1,-1
41,2,617.5651286074855,147.59033257645393,713.8008008886562,364.3290739880659,9.0,-1,-1,-1
41,3,1073.559225293021,134.89165975066038,1225.5096969478673,367.9777031277772,1.0,-1,-1,-1
42,1,546.4798712207474,139.14419189573653,633.3704488234029,367.12964695781307,16.0,-1,-1,-1
42,2,632.627216588086,146.6129929346105,723.1013973321217,364.2898486496973,9.0,-1,-1,-1
42,3,1096.4805946934243,138.01130343606542,1239.231120807206,368.90456686055524,1.0,-1,-1,-1
43,1,554.6692514789698,136.50612499114857,646.3252854862768,367.8725228102115,16.0,-1,-1,-1
43,2,656.9694032071619,145.79281041504947,742.2053537171247,365.11701792067015,9.0,-1,-1,-1
43,3,1120.460273893456,140.1745705107999,1247.8832635640347,369.31794858047795,1.0,-1,-1,-1
44,1,527.4738813760198,140.5193693599944,549.4019446060106,205.79356586227954,37.0,-1,-1,-1
44,2,569.7979381373613,133.20167312384507,659.6365554075056,367.774109023205,16.0,-1,-1,-1
44,3,675.4481802621386,144.76516374803484,761.6783989941081,367.366215510709,9.0,-1,-1,-1
44,4,1136.1317429873718,160.30321785985703,1249.945963471375,377.07135482000933,1.0,-1,-1,-1
45,1,586.5582966487817,128.69054564782388,676.1891744633448,366.79786220000926,16.0,-1,-1,-1
45,2,690.1325931395868,146.66650242627043,782.8553456276009,369.4527269806557,9.0,-1,-1,-1
46,1,475.8450474719432,138.7943366206266,493.1307778391259,180.4169141987569,41.0,-1,-1,-1
46,2,611.7252899142893,123.72042797786254,698.1787989308323,364.5246541915863,16.0,-1,-1,-1
46,3,698.6427054117765,145.57929367685836,799.9483442219863,370.7431813354726,9.0,-1,-1,-1
47,1,483.09701957589056,175.4077624069787,543.0202814065105,321.6487331642308,42.0,-1,-1,-1
47,2,629.4654951787887,121.95710558820039,716.8272278341698,365.44402529065087,16.0,-1,-1,-1
47,3,718.3950711554912,145.11676126655786,819.2009919561021,370.29629355911027,9.0,-1,-1,-1
48,1,573.3773427115755,151.61636032965976,600.5251418861285,225.96632942855518,44.0,-1,-1,-1
48,2,453.16992825587533,169.7629835332602,522.5572431551334,330.22725878564574,42.0,-1,-1,-1
48,3,639.8401995211594,126.76603052923186,734.8789326565033,368.6227561193548,16.0,-1,-1,-1
48,4,739.3311089507265,143.54832885107908,835.3958631063358,369.17764534770595,9.0,-1,-1,-1
49,1,608.9366624967079,148.56142365682595,630.5220935253305,209.98034785741632,46.0,-1,-1,-1
49,2,575.060442540844,148.6069469061346,602.7256733163333,223.12820657881818,44.0,-1,-1,-1
49,3,425.9507602363426,160.3586097045274,509.40956280591445,335.3288023302437,42.0,-1,-1,-1
49,4,650.0512599617331,126.44338598195111,753.631837890182,370.00798989919,16.0,-1,-1,-1
49,5,753.3111726805358,141.39066844166348,846.5452436896545,367.9718453475603,9.0,-1,-1,-1
50,1,529.5035371964219,140.98934697641218,552.9521128332887,211.5120187298581,47.0,-1,-1,-1
50,2,612.3077535665157,145.99935847033998,633.550904570265,207.26028052726718,46.0,-1,-1,-1
50,3,577.3936726557017,148.1835408239856,604.8092671476593,223.35456289765017,44.0,-1,-1,-1
50,4,415.05067935848285,161.88212760506886,494.16577859140216,331.863094267899,42.0,-1,-1,-1
50,5,669.1745193806486,122.26091113985649,772.4851152284938,368.21391281583334,16.0,-1,-1,-1
50,6,767.5713959765856,141.45865234792203,869.1678490219233,369.8103048486337,9.0,-1,-1,-1
51,1,530.0182406829557,139.29897627371378,553.785525876175,210.28517473885307,47.0,-1,-1,-1
51,2,613.4542511882054,146.53988110087977,635.9718196957457,210.27894784767722,46.0,-1,-1,-1
51,3,579.0145549354822,146.9099820304309,605.9970319477964,222.8853312596686,44.0,-1,-1,-1
51,4,401.44468713883026,163.35198957863267,476.19737090638574,325.2047089182869,42.0,-1,-1,-1
51,5,695.0222530320062,120.21420974481573,792.1740888631499,365.5115928028251,16.0,-1,-1,-1
51,6,779.8344800400639,141.4153191225127,883.173624606887,369.4722922727493,9.0,-1,-1,-1
52,1,530.7718914693554,138.91274719556196,554.980219096392,211.3910516755273,47.0,-1,-1,-1
52,2,614.1118149879694,146.5641343091459,637.4437599167463,212.08880703922102,46.0,-1,-1,-1
52,3,580.6480001622776,145.78257665179663,609.3139229989231,220.85866647439465,44.0,-1,-1,-1
52,4,375.89848526677105,168.36504024433162,448.80129714060723,327.37422993199596,42.0,-1,-1,-1
52,5,713.7808102649053,118.2752669737592,806.718123095681,363.5131517203016,16.0,-1,-1,-1
52,6,798.73874208397,140.7267672858161,900.9119355811558,368.828086363266,9.0,-1,-1,-1
53,1,462.2065010273505,142.79273223574216,479.2473838709397,183.28622019138572,52.0,-1,-1,-1
53,2,563.409105915073,150.2174903839693,585.628870889831,212.3067151559151,51.0,-1,-1,-1
53,3,532.8850596699696,137.9746452484698,556.2279554610164,207.84969516024933,47.0,-1,-1,-1
53,4,615.8738389541022,147.36882037066707,639.0190218113821,211.56968458423572,46.0,-1,-1,-1
53,5,586.8917417882221,147.2196614521805,614.8194191544274,217.61288012593667,44.0,-1,-1,-1
53,6,352.2632941883695,157.33767229425717,439.0126235417399,329.2663444008899,42.0,-1,-1,-1
53,7,728.7207486577389,120.81182140416932,822.4723764081522,364.98084555339796,16.0,-1,-1,-1
53,8,827.5428535812971,140.59434187243585,922.8739011857695,368.53914676219284,9.0,-1,-1,-1
54,1,462.7728588139705,142.98368933145755,478.9836574655344,181.61585898319115,52.0,-1,-1,-1
54,2,562.0266581843545,149.83251021912483,584.5766200212282,212.92410057775905,51.0,-1,-1,-1
54,3,533.3829854068592,137.25454105702596,556.8037174637914,206.8201860488989,47.0,-1,-1,-1
54,4,618.24376751623,148.6839844641878,640.4111717274855,211.83931381391182,46.0,-1,-1,-1
54,5,587.9987595305911,146.80074800752422,616.5496959882962,221.07871432201748,44.0,-1,-1,-1
54,6,334.04372275079584,158.35572634485385,425.80137517469234,331.2233488234003,42.0,-1,-1,-1
54,7,740.1979221294642,121.17551054020493,840.5708845608314,367.42233054365875,16.0,-1,-1,-1
54,8,859.3292479705663,139.0936054898974,951.8043982814272,367.78251488875713,9.0,-1,-1,-1
55,1,540.9801575036579,141.81410803637357,582.9856287692262,218.324958417309,54.0,-1,-1,-1
55,2,462.88913291047123,143.23729701693279,479.1701319677441,182.57755576669533,52.0,-1,-1,-1
55,3,563.3919194901231,150.20182521339694,585.42421437529,213.22420308508316,51.0,-1,-1,-1
55,4,532.6652332079885,139.36682683566943,556.6178081272241,211.28167719074264,47.0,-1,-1,-1
55,5,620.3601056782462,149.9878693063798,641.7303473261246,212.10815340488134,46.0,-1,-1,-1
55,6,589.0745539410151,147.17902917179416,619.0607093757757,224.83788545691917,44.0,-1,-1,-1
55,7,310.09649921463796,157.68401983084857,400.7144164410959,328.7239195019069,42.0,-1,-1,-1
55,8,755.7484155699216,118.61160888400686,861.886749446535,368.0539566203474,16.0,-1,-1,-1
55,9,882.6692905072763,138.64110830377302,984.0552986706178,369.1177941620112,9.0,-1,-1,-1
56,1,538.6596697076326,139.39068923367103,585.9750351985946,218.95673140965584,54.0,-1,-1,-1
56,2,461.6230191605243,142.49972066631355,477.6010598840757,181.41795460443993,52.0,-1,-1,-1
56,3,563.7098150127703,149.56412667262668,585.7603718856263,214.0223683092143,51.0,-1,-1,-1
56,4,534.3828690298567,136.12705996325246,558.3028070639616,211.44960899831636,47.0,-1,-1,-1
56,5,622.6227681944489,149.38579156782768,643.6892120388758,212.12543776333834,46.0,-1,-1,-1
56,6,591.4849335080434,147.54164203008085,622.640409158938,228.26865106562374,44.0,-1,-1,-1
56,7,306.88787978782847,160.8216020876858,386.8512780712634,327.66514290557456,42.0,-1,-1,-1
56,8,777.2920078543318,114.15531529367279,887.4670516190915,368.3119350467715,16.0,-1,-1,-1
56,9,899.7378288320001,139.79793818243482,1018.3218497803007,371.12247396864643,9.0,-1,-1,-1
57,1,459.7784202647211,142.17401734594606,475.8966820172366,181.42117958743833,52.0,-1,-1,-1
57,2,565.7139028655337,150.23007248939086,587.6146315280752,215.10314047281412,51.0,-1,-1,-1
57,3,535.6555090254926,136.43712116060175,560.4234501264164,213.76572628648887,47.0,-1,-1,-1
57,4,624.7954978984912,150.22471077460455,645.6758957708109,213.46220430781187,46.0,-1,-1,-1
57,5,593.6115851024589,148.56236060236407,625.3831826621989,230.6326514479429,44.0,-1,-1,-1
57,6,288.1475840441151,160.02526687938234,367.1596149858468,326.98227165746925,42.0,-1,-1,-1
57,7,811.9909802634849,110.67221368023681,923.6447160558943,367.9956871577841,16.0,-1,-1,-1
57,8,925.8791186075514,139.0307177427597,1053.9342597103732,371.49872692170317,9.0,-1,-1,-1
58,1,459.3422366350586,141.4620507500843,476.65551818798576,182.1994176448011,52.0,-1,-1,-1
58,2,566.9072118148957,149.29962741162768,589.5811337572585,216.1006550187949,51.0,-1,-1,-1
58,3,535.9009984488215,137.4918913377041,561.7434785416248,216.31740633345566,47.0,-1,-1,-1
58,4,626.8845439757586,151.55616929312882,647.4759124124892,215.84926837371316,46.0,-1,-1,-1
58,5,595.6812257137266,148.2102574250684,629.154751062778,233.21496042648772,44.0,-1,-1,-1
58,6,272.5605640758725,161.1650606606961,354.7964422339127,328.5723866027601,42.0,-1,-1,-1
58,7,840.3368436686904,109.71266681161563,948.2276457034501,367.80738526083405,16.0,-1,-1,-1
58,8,959.4693435085956,135.32907789743098,1084.151192297978,368.8170984782453,9.0,-1,-1,-1
59,1,459.403887672204,141.4944484175403,477.12238132068074,183.02120993523783,52.0,-1,-1,-1
59,2,567.4299119423822,149.08540749338022,591.1357104075219,217.344340993508,51.0,-1,-1,-1
59,3,536.7202569214875,136.56382472051683,562.9613623495719,216.53115725677185,47.0,-1,-1,-1
59,4,630.6378476347107,147.6997207625241,650.6306825547784,210.52961559533182,46.0,-1,-1,-1
59,5,599.3075645231805,145.98896358988927,633.0033701630322,233.26452374960846,44.0,-1,-1,-1
59,6,254.46891641848686,155.38770043600093,332.0371128696173,321.7604702580072,42.0,-1,-1,-1
59,7,858.4647664271874,111.63027746628455,974.1132694245407,370.23361428722734,16.0,-1,-1,-1
59,8,985.9146342227525,133.2393701715938,1102.7710668695943,368.09660795636205,9.0,-1,-1,-1
60,1,460.30701010300436,141.72991182782738,479.8054587711604,185.93522275525402,52.0,-1,-1,-1
60,2,567.8443881861086,145.8021736941447,593.8642953634634,218.85468017676254,51.0,-1,-1,-1
60,3,539.2836640709461,135.8853472253846,565.5820030701695,217.56586345003862,47.0,-1,-1,-1
60,4,633.7153508187001,144.47600677194416,654.2958041265132,203.65318829714218,46.0,-1,-1,-1
60,5,604.2100277011136,144.08637269462932,639.265432458081,235.06711900607192,44.0,-1,-1,-1
60,6,246.04149125440006,157.33555137458202,315.3992312267949,319.26813227359503,42.0,-1,-1,-1
60,7,895.1306048010599,110.79772330653265,1007.7007742026135,370.04257392890423,16.0,-1,-1,-1
60,8,1013.0263888467668,133.31379551354786,1128.8692608037052,368.84199026852593,9.0,-1,-1,-1
61,1,459.93800644761,141.03605935037416,480.59828593340177,186.3171267943481,52.0,-1,-1,-1
61,2,569.5713967639633,147.06764653701282,596.1290512670398,220.6827372106299,51.0,-1,-1,-1
61,3,541.173097920703,134.81561066353362,567.6459964904855,218.285216219939,47.0,-1,-1,-1
61,4,607.6751559085301,143.18661668461547,645.0242830348743,237.32004721867762,44.0,-1,-1,-1
61,5,240.56836890621977,162.1699811031035,307.73887102003556,318.56195392962405,42.0,-1,-1,-1
61,6,927.921808686347,109.40029359680773,1042.7380237636544,367.5959906435014,16.0,-1,-1,-1
61,7,1041.2441213175198,133.4034292377574,1156.8318117030326,368.2503321182715,9.0,-1,-1,-1
62,1,459.1870810112154,140.8217608031378,480.3542823174684,187.1379509458592,52.0,-1,-1,-1
62,2,570.7085136377033,148.14908558865224,595.7640818087681,219.82784619435242,51.0,-1,-1,-1
62,3,541.7065989534442,133.27805889858246,568.3666073890386,217.0291841783245,47.0,-1,-1,-1
62,4,611.7014612195555,142.96908830428092,651.5030835481966,240.52628328801197,44.0,-1,-1,-1
62,5,954.7527019969037,105.38644205555988,1072.599977822676,366.9526340304055,16.0,-1,-1,-1
62,6,1076.8110402576337,134.40003088609353,1192.324255058718,368.4086654779572,9.0,-1,-1,-1
63,1,423.06288983544954,141.06980930017988,440.5532892083227,174.4293803155694,61.0,-1,-1,-1
63,2,456.152712352537,139.9981264363282,477.39254889558975,185.71600457794645,52.0,-1,-1,-1
63,3,571.7513632358946,147.66593972102362,596.313082683632,219.1181559424897,51.0,-1,-1,-1
63,4,542.4958460046392,134.0381733477079,569.4775573955213,218.46223196479016,47.0,-1,-1,-1
63,5,613.7147059745154,144.50572297354734,655.4772576644717,243.88547253085545,44.0,-1,-1,-1
63,6,973.2870813587998,104.09745087703672,1098.2561742670684,367.362439650281,16.0,-1,-1,-1
63,7,1114.4688211978196,130.95989484223554,1225.083495207482,365.3148151703543,9.0,-1,-1,-1
64,1,423.60557299570365,141.5398450547558,440.51261710692717,173.0055925117686,61.0,-1,-1,-1
64,2,451.29692345215904,140.28106517932224,473.2609382212952,187.48244370514738,52.0,-1,-1,-1
64,3,573.3257299865645,147.81731198796732,597.8860682350726,218.846313286009,51.0,-1,-1,-1
64,4,543.5090838265061,133.00827028456362,569.7366169893672,213.531765598284,47.0,-1,-1,-1
64,5,615.7896460512815,145.00347341940198,657.3455459988337,245.87622024049404,44.0,-1,-1,-1
64,6,993.588873385634,105.75004149405711,1128.9680756962741,368.2408043819695,16.0,-1,-1,-1
64,7,1145.4224707546903,127.6781769438894,1242.526744056254,364.0405697929735,9.0,-1,-1,-1
65,1,422.5671112233703,141.8130650319894,440.9681719078657,175.74995727625063,61.0,-1,-1,-1
65,2,448.76968087350076,141.50019375411307,471.0040159973968,191.1431168422469,52.0,-1,-1,-1
65,3,575.3795261351573,148.30247906957914,600.220158395054,220.6815406706433,51.0,-1,-1,-1
65,4,546.8412318765622,129.68493709792062,571.9555809116425,205.2497910216968,47.0,-1,-1,-1
65,5,621.9762270539288,143.93137526902171,662.8874476566302,246.76511786457075,44.0,-1,-1,-1
65,6,1020.3394860284843,107.05307403149763,1164.220879955527,368.70517128314657,16.0,-1,-1,-1
66,1,418.65502757836623,140.81465230105937,437.22337264521104,174.7929179809235,61.0,-1,-1,-1
66,2,447.1296245308075,141.88581371698896,469.1815959724315,192.91553859493158,52.0,-1,-1,-1
66,3,576.7291641377786,148.20326560794763,602.6073321794237,221.2108760613183,51.0,-1,-1,-1
66,4,547.8547279287961,136.20386188337594,573.0930255437167,214.2250669744387,47.0,-1,-1,-1
66,5,627.2736195343256,142.8770342283754,668.1473710051583,247.552361440122,44.0,-1,-1,-1
66,6,1067.4715469659504,104.94798503751656,1211.2161087398185,367.902479130971,16.0,-1,-1,-1
67,1,512.1259289589646,142.33766165059896,528.4138467818254,174.9918834997492,63.0,-1,-1,-1
67,2,416.2746954815751,140.83189131611226,434.726717066428,174.45527496396028,61.0,-1,-1,-1
67,3,444.81255892026854,141.94079991530896,467.51238628170483,194.9670234166141,52.0,-1,-1,-1
67,4,578.0718353731022,148.382097798854,605.0529586109376,221.41522597341518,51.0,-1,-1,-1
67,5,549.1585625439407,138.5744796668262,574.1186724997626,218.586324140909,47.0,-1,-1,-1
67,6,631.6613236728892,143.8386956207581,673.3427935018537,249.72661835597668,44.0,-1,-1,-1
67,7,1110.1949285534354,103.06143040778184,1239.235044829826,366.7329245029425,16.0,-1,-1,-1
68,1,510.8023992320989,142.1336208868931,527.1387364794325,174.1407659507653,63.0,-1,-1,-1
68,2,413.64596475876004,140.90776388291937,432.34752308714593,174.74366487856912,61.0,-1,-1,-1
68,3,441.8976797894455,140.412720924664,464.52355605012445,192.664434885276,52.0,-1,-1,-1
68,4,579.5052190830055,148.43970285605573,606.8800057374227,221.88453046038344,51.0,-1,-1,-1
68,5,549.5524912540154,139.89001742420558,574.5980571248008,221.2420271776401,47.0,-1,-1,-1
68,6,634.676197350416,144.13510849441798,676.3112333964864,251.36452793716484,44.0,-1,-1,-1
69,1,510.2069514210415,142.45573756651393,526.8374665245759,174.46779123129127,63.0,-1,-1,-1
69,2,412.19442671271776,140.92974863077959,431.1015973022035,175.76285951025588,61.0,-1,-1,-1
69,3,439.351826490419,139.9669982657347,461.872026265447,192.3708493166383,52.0,-1,-1,-1
69,4,581.5714201741187,149.4240935969825,608.8183229056538,223.29529436593035,51.0,-1,-1,-1
69,5,550.1311307684132,141.6442175446906,575.5330806830602,222.82264404596503,47.0,-1,-1,-1
69,6,639.5766709445485,143.26073595172448,681.3750366441146,252.25113113645892,44.0,-1,-1,-1
70,1,509.4652334616665,142.82887143615082,525.993412293657,174.72112095946082,63.0,-1,-1,-1
70,2,411.12033141105525,140.81718816270944,429.96742906901767,175.3842077466049,61.0,-1,-1,-1
70,3,438.1444609481097,137.9569651412533,459.70759644778053,187.82816161839384,52.0,-1,-1,-1
70,4,584.2754974434198,146.6811816310376,611.6972551292575,222.11390913169896,51.0,-1,-1,-1
70,5,550.36962962835,140.71571358362405,576.2436426947571,223.4790373359753,47.0,-1,-1,-1
70,6,644.3684577708872,141.88461769751711,686.1545980238253,252.85837672490578,44.0,-1,-1,-1
71,1,508.2162786440345,142.8920533237032,523.5042029288294,173.73304242211466,63.0,-1,-1,-1
71,2,410.3295319975356,141.09844559368855,429.5175424012384,176.52356171111535,61.0,-1,-1,-1
71,3,435.2171873415658,140.02263243369077,458.0477712874866,190.92745308356035,52.0,-1,-1,-1
71,4,587.1455936494499,144.6580974439241,615.8071378457232,222.907174475829,51.0,-1,-1,-1
71,5,550.9501264597985,137.49023502804994,577.632811215116,223.71740425416988,47.0,-1,-1,-1
71,6,649.2192786775508,142.63367918040194,692.4934744866407,255.09722960016404,44.0,-1,-1,-1
72,1,507.32908189847154,142.97974782734528,522.1653953945748,173.95812958945228,63.0,-1,-1,-1
72,2,434.11095867050494,139.6767604405367,456.1551421804163,189.81645798714501,52.0,-1,-1,-1
72,3,589.3644653605523,145.6809152817102,618.3135897629674,224.00532958144532,51.0,-1,-1,-1
72,4,550.3632359951476,134.11590845204984,577.9944426700389,223.52763918939587,47.0,-1,-1,-1
72,5,654.6176163569337,144.07261868687527,699.5284816915405,257.9940938695018,44.0,-1,-1,-1
73,1,505.9115707054898,142.67280465035319,520.6104045006039,174.1704630510687,63.0,-1,-1,-1
73,2,593.0515838337526,147.3488692537762,621.3406569738349,225.4548031684835,51.0,-1,-1,-1
73,3,551.0369946915723,135.97349119345557,579.0887603322506,227.0965219465653,47.0,-1,-1,-1
73,4,660.0714942034128,145.57335699709196,705.5445836954495,262.20002328523265,44.0,-1,-1,-1
74,1,503.1575089112688,142.81739793311488,518.2373853755389,174.22134775734958,63.0,-1,-1,-1
74,2,596.1422899300138,147.3271529421481,624.1528113248149,226.1461404182282,51.0,-1,-1,-1
74,3,552.1621088178658,135.63306723348887,580.3461244953562,228.49135181401448,47.0,-1,-1,-1
74,4,665.6644855000792,145.0105656083122,712.0537942672478,262.61471983977344,44.0,-1,-1,-1
75,1,501.2466026234968,143.48273613394454,516.4809199333642,175.01695264272237,63.0,-1,-1,-1
75,2,599.0545935061955,145.11794763110203,628.1712715292031,225.62420338639265,51.0,-1,-1,-1
75,3,553.3692216393101,135.35401727081884,581.2913221109563,229.79772338765704,47.0,-1,-1,-1
75,4,673.6077602710754,143.7989243940557,719.2094410617235,262.944180587385,44.0,-1,-1,-1
76,1,498.9240306788282,143.45863442836733,514.4002361987726,175.43798157184685,63.0,-1,-1,-1
76,2,601.2248480163628,145.68151144754736,632.611449738248,226.8419948961869,51.0,-1,-1,-1
76,3,551.7639073287586,133.52458657887883,581.0552689113966,230.79942989318727,47.0,-1,-1,-1
76,4,680.5034492907309,144.41649122691445,727.4153439252498,264.7472145767559,44.0,-1,-1,-1
77,1,497.1608054824121,144.23266356373065,512.9759641780809,176.35708546669244,63.0,-1,-1,-1
77,2,603.5514806047993,146.1811741704202,636.9233138894499,227.8840744967166,51.0,-1,-1,-1
77,3,553.1064598604484,131.64019909087662,582.7948886845749,231.43072869828674,47.0,-1,-1,-1
77,4,686.475433446996,145.6890097687244,735.0966148468426,266.7855164692767,44.0,-1,-1,-1
78,1,667.8367607790792,146.45274247404612,695.7746975648049,230.93001140899375,66.0,-1,-1,-1
78,2,495.77027251554966,143.9452219755965,511.88644012654333,176.46773610438663,63.0,-1,-1,-1
78,3,606.4645902537625,147.3702944520045,640.7908955978501,228.64942019411427,51.0,-1,-1,-1
78,4,554.0874821330797,131.8335546795217,584.0552653740262,232.97506646223897,47.0,-1,-1,-1
78,5,689.2108341197564,146.25164532086313,739.3812283015972,269.5366230761312,44.0,-1,-1,-1
79,1,423.1513972822792,137.95615652044478,442.7763050587445,186.29281201693857,69.0,-1,-1,-1
79,2,670.4833062709378,144.2553734770805,699.7199796299675,228.80496354797,66.0,-1,-1,-1
79,3,494.6634666980994,144.26428878458162,511.2203577499751,177.14239582517743,63.0,-1,-1,-1
79,4,608.3358509081996,147.22202673554216,642.5567509983854,228.89066206923906,51.0,-1,-1,-1
79,5,555.8968986986671,132.7983849704911,586.0542524193255,234.0234855740066,47.0,-1,-1,-1
79,6,698.1371809857408,145.19511692622314,747.1909242234979,270.81041307586287,44.0,-1,-1,-1
80,1,422.1793244447572,138.08294396712316,442.0272281698632,187.53844312958202,69.0,-1,-1,-1
80,2,671.4317701419421,145.33605480087027,701.660540583658,229.16805831220177,66.0,-1,-1,-1
80,3,609.0407369001116,146.8228638832377,643.7523425646586,229.43744894657493,51.0,-1,-1,-1
80,4,556.649391172675,134.44999508722572,587.1183483882533,236.14397574943467,47.0,-1,-1,-1
80,5,705.7665777410646,143.64111317774882,754.2840552738423,272.4944063606025,44.0,-1,-1,-1
81,1,420.5387906605175,137.0000983183128,440.53460411863,184.31312307359096,69.0,-1,-1,-1
81,2,672.6674477363495,147.4780652506896,704.2301518579227,230.4391218590598,66.0,-1,-1,-1
81,3,611.3490168660787,148.00116128265955,646.7445295874552,231.5874320149817,51.0,-1,-1,-1
81,4,556.7212073772116,132.91402929741758,588.5336651330651,235.76151979139308,47.0,-1,-1,-1
81,5,712.5718976864773,143.59911504447223,762.6584363756374,273.931071327598,44.0,-1,-1,-1
82,1,418.14126224798963,136.74968252613706,438.6525565475796,183.14801289779354,69.0,-1,-1,-1
82,2,675.1953893939835,148.7172243217595,706.8341207317826,230.54826348895676,66.0,-1,-1,-1
82,3,614.8081827994201,148.13146121583233,650.2273600391918,232.67400817195076,51.0,-1,-1,-1
82,4,558.401341397569,132.281908118726,591.8856082815832,236.15701352348424,47.0,-1,-1,-1
82,5,717.5385486127252,146.68702674275374,769.4833554993031,280.3134893065593,44.0,-1,-1,-1
83,1,508.70455068212755,145.5203416783565,523.0207699422367,177.48046152107634,71.0,-1,-1,-1
83,2,416.4423962028633,137.66411663368015,436.60898980850914,182.8283760526986,69.0,-1,-1,-1
83,3,677.043784121966,148.1811431229788,709.9888821397407,230.96577594916633,66.0,-1,-1,-1
83,4,616.6866665210715,145.81307686006969,653.1532024366073,232.55810829721324,51.0,-1,-1,-1
83,5,560.9355729028961,131.05217946209908,594.8432213501179,235.54975985914766,47.0,-1,-1,-1
83,6,724.9294347539138,148.03911751480683,778.3425116693658,284.0112056361786,44.0,-1,-1,-1
84,1,507.6663275690102,145.91293419885307,521.8121238477872,178.60405206915868,71.0,-1,-1,-1
84,2,680.3016067619672,148.73373434851555,713.6154872576869,232.40519333692845,66.0,-1,-1,-1
84,3,620.7236680809551,147.00650605180522,656.7565756051845,234.6431983990105,51.0,-1,-1,-1
84,4,559.5655274627239,130.21523446689682,595.4222310668102,238.0444334776992,47.0,-1,-1,-1
84,5,732.1523538537344,147.8270166490209,786.532908194105,286.5674383118769,44.0,-1,-1,-1
85,1,479.5803236881052,142.3627295894494,498.0982861232227,179.42783609367186,72.0,-1,-1,-1
85,2,502.8360854573704,145.614942240055,518.135083445758,179.4277933845706,71.0,-1,-1,-1
85,3,682.3400220173353,149.30769234752097,716.9020818445761,234.27609928531655,66.0,-1,-1,-1
85,4,623.000139461885,147.53883471263129,659.5246108467134,235.90189408198177,51.0,-1,-1,-1
85,5,557.9222070319024,130.2894902152243,596.4346977861551,239.91943550732492,47.0,-1,-1,-1
85,6,742.4304370284198,146.9620536620019,795.8978714643675,288.22241685415946,44.0,-1,-1,-1
86,1,478.3365796275473,141.8073516192803,496.9830941288129,179.20478372416616,72.0,-1,-1,-1
86,2,501.41346411862577,145.16301943536612,516.1306063035219,178.0230640741672,71.0,-1,-1,-1
86,3,683.5878622215454,149.98487332350805,719.0999143476291,236.25898856718976,66.0,-1,-1,-1
86,4,625.687791824504,147.31444235430976,663.2836806788429,237.1659762061985,51.0,-1,-1,-1
86,5,562.7469762048657,128.80424421722665,600.6521163638841,240.9912423051361,47.0,-1,-1,-1
86,6,749.5970687515415,148.51078134176868,805.6827913061978,291.36207188149245,44.0,-1,-1,-1
87,1,476.52842308967956,141.33576579943784,494.8785423582191,178.71062480994934,72.0,-1,-1,-1
87,2,499.69963839337476,146.08936692746138,513.9962153662203,179.28273867707517,71.0,-1,-1,-1
87,3,684.5752084515412,149.5676784700194,721.3344447398528,237.2205345124469,66.0,-1,-1,-1
87,4,628.1671344661294,147.80450237495663,666.7218164323873,239.40786906945314,51.0,-1,-1,-1
87,5,567.3939031494544,128.03191742907285,604.2107653461217,241.84973901384365,47.0,-1,-1,-1
87,6,753.2345998611449,149.84263419997257,812.1798311893708,295.39028425760193,44.0,-1,-1,-1
88,1,475.05860691200536,140.81788663311528,493.0331095908286,178.67888194731222,72.0,-1,-1,-1
88,2,688.3544233016028,148.5984309357779,725.3230721274547,237.29988272271424,66.0,-1,-1,-1
88,3,629.505992229316,147.39811763756097,668.7778384735282,240.19511181928044,51.0,-1,-1,-1
88,4,570.8612736121426,126.35471850197308,607.0965934397806,241.98191242297685,47.0,-1,-1,-1
88,5,755.2389019155638,149.64871515863126,817.1150765702986,297.4566352619052,44.0,-1,-1,-1
89,1,474.02492153152673,141.12012378662416,491.4512401012165,178.4820692437156,72.0,-1,-1,-1
89,2,694.1259656675983,148.24582010360035,732.3937687832205,236.85638086243551,66.0,-1,-1,-1
89,3,630.8428287429863,146.5421312012449,670.7367999010764,240.39423318494966,51.0,-1,-1,-1
89,4,573.3790818741073,125.54653188741705,609.8401352092573,243.00181485683223,47.0,-1,-1,-1
89,5,769.4158376652515,149.85621111414684,827.4230884351553,299.04669104634394,44.0,-1,-1,-1
90,1,471.1659290589463,142.45095984739197,488.35773398564095,179.94693978446497,72.0,-1,-1,-1
90,2,698.1505162922296,149.47566750594717,736.8491729619963,238.3016580720457,66.0,-1,-1,-1
90,3,632.1944963583619,146.03297108977245,672.6009930023286,242.3740828920877,51.0,-1,-1,-1
90,4,576.7636439734575,126.65751138051107,613.5325380956466,245.35203351935402,47.0,-1,-1,-1
90,5,781.6378558733671,148.9632159783871,838.1475936095784,300.54923526056655,44.0,-1,-1,-1
91,1,469.2737367978849,142.8585471745788,485.9774406656129,179.94298202274138,72.0,-1,-1,-1
91,2,702.7552405126495,150.59826592465,740.0887537095329,239.73919189396267,66.0,-1,-1,-1
91,3,633.5058461463541,146.38761529686968,673.7959835877871,242.6207631141989,51.0,-1,-1,-1
91,4,579.4279230513009,127.81300998312528,616.5700733939923,245.9835203092833,47.0,-1,-1,-1
91,5,790.4652139833757,150.84323625462525,849.7356045061293,305.3613029082833,44.0,-1,-1,-1
92,1,466.7361697412236,143.00656671068367,483.1005049953398,179.5814520810606,72.0,-1,-1,-1
92,2,706.4130030695778,148.6682325700244,743.0161596190167,237.9141731567607,66.0,-1,-1,-1
92,3,634.5978135610808,147.81253242759368,674.9506992333877,245.68706594119323,51.0,-1,-1,-1
92,4,582.4596103948834,130.11250789393523,619.9795189297599,248.34954591526872,47.0,-1,-1,-1
92,5,797.874888713486,153.18211567648348,860.9115870953623,313.9415503025283,44.0,-1,-1,-1
93,1,464.6190340636967,142.65364370891234,481.05891317094705,178.89604577633793,72.0,-1,-1,-1
93,2,710.6852594630755,149.27789355741848,746.5631370860433,239.9875760357585,66.0,-1,-1,-1
93,3,635.7248387077695,147.78278144338412,676.4382048203124,247.3892501411941,51.0,-1,-1,-1
93,4,585.0118306869836,129.229155043346,622.6417982679052,249.23588442102874,47.0,-1,-1,-1
93,5,809.5529205459413,153.62062851882783,873.8468656884145,317.9708838015755,44.0,-1,-1,-1
94,1,462.29020182297194,142.62659609112643,478.60490262760635,178.28104442654228,72.0,-1,-1,-1
94,2,714.2265708359632,151.27491657266216,750.3660656337618,243.18405449435323,66.0,-1,-1,-1
94,3,637.5300987389991,145.6060268084464,678.3828671494374,247.31546171733638,51.0,-1,-1,-1
94,4,587.9314063983381,130.08349643488725,625.6641647825393,252.22936685015702,47.0,-1,-1,-1
94,5,826.1213490396094,152.26531579262848,888.6827422825149,318.75495570472117,44.0,-1,-1,-1
95,1,460.6886124795708,143.8040990973305,476.8597602070897,179.48134443413824,72.0,-1,-1,-1
95,2,717.9476359536202,151.4754998426869,753.6269423731762,244.27045854845025,66.0,-1,-1,-1
95,3,640.5979931011636,145.4237102381717,682.2311793072906,247.72986778086047,51.0,-1,-1,-1
95,4,588.6461534378888,131.21599128309649,627.5469696236484,254.06458213474784,47.0,-1,-1,-1
95,5,838.4625609812578,152.3653224187625,902.7819165042071,322.82187835211846,44.0,-1,-1,-1
96,1,455.8834851579792,144.5923778966845,473.2302995836176,181.09453548169094,72.0,-1,-1,-1
96,2,723.787402739348,150.3924603255261,758.6076868908119,244.23098520523274,66.0,-1,-1,-1
96,3,642.0059499866205,147.49533588012417,683.7356644227697,250.54245547289514,51.0,-1,-1,-1
96,4,590.1793528946532,132.53636143833563,630.58369893144,257.1210052591847,47.0,-1,-1,-1
96,5,849.5060505776179,153.1773745483233,923.0992109530781,328.10742083717696,44.0,-1,-1,-1
97,1,452.6619566923113,144.13997776756236,470.720101237852,181.74431168796156,72.0,-1,-1,-1
97,2,727.2668345619857,149.942559787881,762.8593507527239,245.11238833539772,66.0,-1,-1,-1
97,3,644.6716399674472,149.54719178966266,687.185995312562,253.48510886564097,51.0,-1,-1,-1
97,4,591.3874942595925,132.4145405665804,633.3492461973284,259.0103865336367,47.0,-1,-1,-1
97,5,854.7587841406322,154.12823804319413,936.1605367694561,334.47500376654835,44.0,-1,-1,-1
98,1,475.1365088390799,145.46854924936608,491.21375377651196,182.5117605622378,76.0,-1,-1,-1
98,2,450.92217931301633,144.81962908616543,468.7040062347681,183.21845410065418,72.0,-1,-1,-1
98,3,732.4059806925793,149.27525125472138,768.8304243839862,245.3771892617651,66.0,-1,-1,-1
98,4,646.6631895902904,150.03122384529044,689.3901605062324,255.72763526366705,51.0,-1,-1,-1
98,5,596.1631534693205,132.6652622852937,637.7289717325783,261.18422637399283,47.0,-1,-1,-1
98,6,863.7096981331227,153.4362790154612,945.8056723131286,339.249011487541,44.0,-1,-1,-1
99,1,547.057617747563,145.1665105954609,563.9375567723403,183.44090819671445,78.0,-1,-1,-1
99,2,473.74856920789347,145.80171080614144,490.3413823185694,183.41022969838963,76.0,-1,-1,-1
99,3,451.1816560523817,143.77134713535074,467.8530119262692,182.2633812414708,72.0,-1,-1,-1
99,4,737.1622818958573,149.75726757343705,776.0298742103931,247.23633934837,66.0,-1,-1,-1
99,5,648.3464366946765,148.80727747013097,692.1655014565798,257.2007192990259,51.0,-1,-1,-1
99,6,600.9809534259693,131.0612474966332,641.5309507492989,261.09255361558303,47.0,-1,-1,-1
99,7,886.9123879986956,151.53171380737578,962.9849807909458,339.46832952648344,44.0,-1,-1,-1
100,1,469.8332044206441,144.63704591042838,487.2431813389874,183.4192716070999,76.0,-1,-1,-1
100,2,449.25176725666233,142.95141213455713,466.20935502879513,182.12281673598955,72.0,-1,-1,-1
100,3,740.6029782881955,151.16488075521207,781.3938644657686,249.3117521198125,66.0,-1,-1,-1
100,4,651.6793638883955,147.7435731677837,696.4213479106375,258.81538012148377,51.0,-1,-1,-1
100,5,605.2179135250271,130.22176288885396,646.630458150822,262.31930800800075,47.0,-1,-1,-1
100,6,905.0731226298785,153.16845303631942,978.8157699734047,346.53785284241457,44.0,-1,-1,-1
101,1,465.62355290336615,143.6424012083434,483.01559224056945,182.9790955115075,76.0,-1,-1,-1
101,2,445.6605929404938,143.27371347372218,463.3761988681911,182.5099110405688,72.0,-1,-1,-1
101,3,744.7344219358772,151.10070388959292,785.6557021775263,248.86456916600514,66.0,-1,-1,-1
101,4,652.8967139928768,149.4366819643086,697.2648140100339,263.01185973441915,51.0,-1,-1,-1
101,5,608.8368741962661,131.85356934550245,650.6972813339396,264.5737149110046,47.0,-1,-1,-1
101,6,919.0622771790815,154.02365551439453,1002.0125289839432,353.0075319118727,44.0,-1,-1,-1
102,1,463.1026331241432,143.11610400512598,479.75662679572036,182.10478260367177,76.0,-1,-1,-1
102,2,442.9366015496834,143.38209905173701,460.60679045253136,182.32060054860077,72.0,-1,-1,-1
102,3,749.3103479512242,150.95486185213048,789.5456386634896,249.40851670539723,66.0,-1,-1,-1
102,4,656.1692040302868,150.3894261843355,700.8583426015274,265.4754437501884,51.0,-1,-1,-1
102,5,611.4744484600602,130.9090313583535,654.2957582714754,264.6167503874701,47.0,-1,-1,-1
102,6,930.0593132659554,154.5529684801163,1019.7788802967053,358.9478699933171,44.0,-1,-1,-1
103,1,371.2094477190584,141.54867044961188,392.1800403837851,177.56505564849235,79.0,-1,-1,-1
103,2,461.345844717238,143.08263957360398,478.41556516275676,184.08016279798554,76.0,-1,-1,-1
103,3,438.31599310135243,143.40095038848497,455.9797803109858,182.4878833005001,72.0,-1,-1,-1
103,4,752.9176223672822,150.89019162521785,793.8627155595724,251.05033453317097,66.0,-1,-1,-1
103,5,659.5861311587045,149.45654006706738,704.665739765171,265.7107326511442,51.0,-1,-1,-1
103,6,613.5425483364204,130.49622653664372,657.8952303571434,264.464795965676,47.0,-1,-1,-1
103,7,950.0214740428988,155.11148833950034,1040.0337095342375,361.98992072456696,44.0,-1,-1,-1
104,1,461.21900341605186,143.4346084698989,479.24182036991914,185.98609278534312,76.0,-1,-1,-1
104,2,436.8973479254516,143.95094891593249,454.6666998185713,183.3357358295653,72.0,-1,-1,-1
104,3,757.3934229486968,151.602116710594,799.2394109838629,253.54505765640502,66.0,-1,-1,-1
104,4,664.4824959856495,149.03105915937314,710.6808645930299,267.58129104514524,51.0,-1,-1,-1
104,5,607.6161312517771,130.665025257538,658.4123986604885,268.6239821178295,47.0,-1,-1,-1
104,6,976.7056080951082,151.40461379064948,1062.7624563434829,362.96528072104456,44.0,-1,-1,-1
105,1,462.79825220792327,142.8641784015424,480.68294993511086,185.34665538741552,76.0,-1,-1,-1
105,2,435.05570106215,142.689404603463,452.2386623296902,180.90413005220807,72.0,-1,-1,-1
105,3,763.0823852096196,151.4809327979959,804.3195113653182,254.29731144922508,66.0,-1,-1,-1
105,4,668.4865227624409,150.17791047703713,715.8500936970679,272.5334777695923,51.0,-1,-1,-1
105,5,600.2604900412377,129.8371667284226,659.4214045738445,271.5961357133914,47.0,-1,-1,-1
105,6,994.3879381153262,149.00945567690547,1085.9779505886577,365.2607597339041,44.0,-1,-1,-1
106,1,433.04761876482723,142.64690903932149,449.9287065049298,180.15655508700695,72.0,-1,-1,-1
106,2,769.3077912471763,150.6861201254687,809.7770937854514,255.57317680790575,66.0,-1,-1,-1
106,3,672.3611861131133,151.1414778171381,721.7316504363948,276.0121319115839,51.0,-1,-1,-1
106,4,593.8590508902864,129.1815033141529,661.5659872719523,275.88968826419443,47.0,-1,-1,-1
106,5,1008.1044576057112,150.61975101164484,1114.9429179021972,367.79817685171787,44.0,-1,-1,-1
107,1,430.7949336379843,142.47810540902913,447.8107887360086,178.47060809063146,72.0,-1,-1,-1
107,2,775.1531713551418,150.4247221160792,816.0512307990758,255.7305192311371,66.0,-1,-1,-1
107,3,675.6767400025824,151.2864458983001,725.9410822686971,276.93700097186706,51.0,-1,-1,-1
107,4,593.687529212186,129.80046481097162,665.1826835322153,279.277873769056,47.0,-1,-1,-1
107,5,1018.3409173978833,150.04935185991775,1134.3270824525362,369.2397589579029,44.0,-1,-1,-1
108,1,428.0281867029976,141.62109460724358,444.9243402617759,176.32180560313398,72.0,-1,-1,-1
108,2,781.2899584669447,151.21178475095968,823.7199042471921,259.58244860383024,66.0,-1,-1,-1
108,3,678.3167258244465,150.66479476605443,728.7152411249418,277.34247148833316,51.0,-1,-1,-1
108,4,594.5312018291258,128.8501278898886,667.8915592451874,281.44758930352765,47.0,-1,-1,-1
108,5,1040.2059616987497,147.37014533794843,1156.1781161370457,369.06806713456535,44.0,-1,-1,-1
109,1,425.61614984491,141.2720618560299,442.45813423551994,175.83767090430757,72.0,-1,-1,-1
109,2,785.7697335903997,152.98605616708733,830.5388078849933,264.1048789976646,66.0,-1,-1,-1
109,3,683.2169103063684,149.3899211309982,736.5117191972242,278.56009459334086,51.0,-1,-1,-1
109,4,604.1035023422421,128.3785505123492,675.127184744983,281.80690003971995,47.0,-1,-1,-1
109,5,1077.5583197331218,143.6786147503546,1182.901171782148,367.24101259829905,44.0,-1,-1,-1
110,1,424.2666557085981,142.04960814203335,441.1939474168293,176.59765607956464,72.0,-1,-1,-1
110,2,791.8365296965925,153.43160593094944,837.20964834871,265.47834183983093,66.0,-1,-1,-1
110,3,686.9510616354843,151.7708098499296,741.1577333600763,283.3374080869361,51.0,-1,-1,-1
110,4,616.5705980301864,130.9857280503174,681.116379964983,285.40303388380255,47.0,-1,-1,-1
110,5,1109.3201372875862,142.46160249948412,1209.1534906869026,368.00522260375584,44.0,-1,-1,-1
111,1,797.5714869190439,151.88493371782764,841.8457803361035,263.15183489520285,66.0,-1,-1,-1
111,2,691.1338057328317,153.86652194599185,746.465480995591,289.14351232784685,51.0,-1,-1,-1
111,3,625.3869688460918,131.96809413535965,684.9057473188807,288.059235545737,47.0,-1,-1,-1
111,4,1127.3847456114188,143.403998230154,1226.3701241608799,369.6087218815969,44.0,-1,-1,-1
112,1,803.3556068262961,151.88488948653819,846.7789169742995,264.2287970153046,66.0,-1,-1,-1
112,2,695.214738284895,154.80715725998687,753.4912544272324,292.58675658697035,51.0,-1,-1,-1
112,3,632.274509813312,134.4412239698834,688.5563341111487,291.5990082093183,47.0,-1,-1,-1
112,4,1141.013981624283,162.60410877215588,1235.285679735073,378.48512233425583,44.0,-1,-1,-1
113,1,807.7920854012434,151.6347394045409,854.7972716770832,267.60599550933097,66.0,-1,-1,-1
113,2,700.1725404335717,153.43698317253669,758.8057550107607,292.5018412042482,51.0,-1,-1,-1
113,3,636.20685345253,135.13443229524052,690.875924425159,292.6321154375421,47.0,-1,-1,-1
114,1,414.70617413333395,140.9842539677716,432.3806435182358,177.02371359816007,72.0,-1,-1,-1
114,2,812.3077053748534,152.63163421315377,862.2513810080409,271.4476863923088,66.0,-1,-1,-1
114,3,706.019682857611,153.03623878918046,766.0857016075437,295.2750361540088,51.0,-1,-1,-1
114,4,641.493153354323,134.15442181036232,695.0359126058628,293.8482854850904,47.0,-1,-1,-1
115,1,413.23427555624716,140.91014663964245,430.83363294204645,176.85152912722072,72.0,-1,-1,-1
115,2,821.7223777677503,152.7098804089132,869.6189975554875,272.8123156120226,66.0,-1,-1,-1
115,3,711.4364157064465,156.0946802569882,773.7703735739256,299.61046592428806,51.0,-1,-1,-1
115,4,643.2190876359492,134.5347119818395,696.9509665913785,298.0386493403399,47.0,-1,-1,-1
116,1,498.81021951870105,142.22749470571546,515.3270192889753,178.0925741755995,83.0,-1,-1,-1
116,2,829.4087256756223,151.92379339028537,876.8159995645345,272.94472579911445,66.0,-1,-1,-1
116,3,716.0969001568934,156.8917724610675,781.6700317559151,300.3680958384522,51.0,-1,-1,-1
116,4,638.8633204506356,134.8733086443744,697.4461366956026,301.8342138386608,47.0,-1,-1,-1
117,1,501.91348973137144,143.54171007904853,517.1323635412784,179.47778961232416,83.0,-1,-1,-1
117,2,836.0334607752819,152.52093419169609,885.7918268831905,274.08129076087863,66.0,-1,-1,-1
117,3,721.7943249657782,157.94875846498195,789.1214335122628,301.9083155591675,51.0,-1,-1,-1
117,4,638.5225492225744,135.93725749388938,701.2534138711047,307.60985485151934,47.0,-1,-1,-1
118,1,505.60517694098473,144.20215066801876,520.4125856383749,179.76562826876415,83.0,-1,-1,-1
118,2,842.5372175970124,155.4096802238504,895.5778191592194,279.1862259050301,66.0,-1,-1,-1
118,3,724.5840010981217,161.11126114029065,793.4713958951197,307.81503898539427,51.0,-1,-1,-1
118,4,643.9615207780375,138.31505366042882,707.6219312290805,314.36248311783254,47.0,-1,-1,-1
119,1,508.32919548453395,144.3173502796631,522.9690482086355,179.9747632274697,83.0,-1,-1,-1
119,2,850.379306989495,155.87098402489798,905.6852192587041,282.6826521197964,66.0,-1,-1,-1
119,3,727.0341580799418,162.26707248431933,795.8540678386787,310.68266114886865,51.0,-1,-1,-1
119,4,653.6010611245964,137.6479242593581,715.2124316412445,315.390051114626,47.0,-1,-1,-1
120,1,552.540052622623,144.88904251540956,568.8261539546678,181.10929767723806,85.0,-1,-1,-1
120,2,510.12142366123896,143.8678592326916,525.4880015072625,181.0102681754644,83.0,-1,-1,-1
120,3,858.3690498907506,155.61051279541772,914.7342704162982,284.145581461595,66.0,-1,-1,-1
120,4,730.1648825720431,165.2192253441962,797.4547987103335,317.33600360585297,51.0,-1,-1,-1
120,5,665.1332557708719,134.67427381487556,723.9425171246438,314.671130245103,47.0,-1,-1,-1
121,1,414.8621504573506,143.2860022893084,436.1056451407345,180.04531813910197,86.0,-1,-1,-1
121,2,553.5087953083752,143.638696942445,570.6374271972176,181.4251197566415,85.0,-1,-1,-1
121,3,513.8661956085191,143.51826563234832,528.4521371613855,179.79084684992145,83.0,-1,-1,-1
121,4,869.7760960410673,153.917121282574,923.703760093637,283.1532909872311,66.0,-1,-1,-1
121,5,734.2046852354958,166.69730336062392,802.6506514217212,322.8452058895656,51.0,-1,-1,-1
121,6,672.913995560561,136.76201055671788,731.1556401021542,320.24843255862726,47.0,-1,-1,-1
122,1,414.7921748438413,143.7409430455244,434.0097594989695,179.42447656450716,86.0,-1,-1,-1
122,2,553.7780074874581,142.54829162638825,572.7352743187262,182.580476017854,85.0,-1,-1,-1
122,3,517.2406601101559,141.85508457580772,531.2028444922012,177.8965529868853,83.0,-1,-1,-1
122,4,879.464703179332,152.92549553178566,933.2407582675637,285.01532661808375,66.0,-1,-1,-1
122,5,738.5044806797987,167.41646311208154,804.4005275117331,326.9158167816197,51.0,-1,-1,-1
122,6,679.3264717071713,139.2348219935387,740.2684698187729,327.5878426163715,47.0,-1,-1,-1
123,1,414.22826205412287,143.4134660868627,432.2959988257687,179.13880796142254,86.0,-1,-1,-1
123,2,553.9488612883015,142.4621153430506,573.7750685316873,182.95699202549466,85.0,-1,-1,-1
123,3,890.4705058968301,155.29310276416305,948.4410773806775,289.27615481865666,66.0,-1,-1,-1
123,4,745.0353988036064,166.19706946457967,810.7847473902926,331.3622988354774,51.0,-1,-1,-1
123,5,681.6109580613178,139.61071582437023,744.5920125022552,330.33040587875786,47.0,-1,-1,-1
124,1,554.2471326758763,142.31261954714205,574.6703468590823,183.14765495598357,85.0,-1,-1,-1
124,2,896.1426400735841,157.18853447294487,955.281778563719,292.3485320983101,66.0,-1,-1,-1
124,3,752.2091970244319,165.03233870975686,818.8418397918845,332.47255023819895,51.0,-1,-1,-1
124,4,687.2746550484947,139.47139003385422,752.0303610752082,334.5139309731973,47.0,-1,-1,-1
125,1,554.0836726672883,142.28843877659588,575.2802195284235,183.45263239129017,85.0,-1,-1,-1
125,2,907.2616614125832,156.71063396635859,965.2194518990786,294.9410043914745,66.0,-1,-1,-1
125,3,754.223663952454,165.52417212358284,826.5279914009466,339.5754364420441,51.0,-1,-1,-1
125,4,695.0818954903293,137.0255243787905,759.046209603453,335.4481231716254,47.0,-1,-1,-1
126,1,554.252231615694,142.73604592483213,575.7488213688814,183.6844429345843,85.0,-1,-1,-1
126,2,923.0877359225498,154.86319908859554,980.9253090597336,293.9139727025847,66.0,-1,-1,-1
126,3,760.5390039305241,167.8197955852272,836.2426575946786,345.5402546324186,51.0,-1,-1,-1
126,4,694.0169385939196,136.67226980534565,762.6333783112432,340.01549298618846,47.0,-1,-1,-1
127,1,936.8453836168464,158.40680139932664,997.7478294048085,298.8182671579003,66.0,-1,-1,-1
127,2,776.086282826114,165.28330631925843,853.6845716346734,347.0373661473522,51.0,-1,-1,-1
127,3,694.747205077141,139.3652897607917,769.1170340652047,348.41425142169044,47.0,-1,-1,-1
128,1,947.3662944199009,161.38880176880286,1011.9862955973274,304.6874807586494,66.0,-1,-1,-1
128,2,783.6363229497242,165.40220077564481,858.3347419046129,350.18322036638415,51.0,-1,-1,-1
128,3,699.3448529368338,140.64326049475318,777.653039372301,353.8416428928719,47.0,-1,-1,-1
129,1,960.3697454269145,161.50324394817946,1026.0033649949544,306.06117725287424,66.0,-1,-1,-1
129,2,790.44425045632,168.22924511911629,864.6481663698213,358.8626049453153,51.0,-1,-1,-1
129,3,705.0641365684578,138.6450043723613,786.7049434413843,357.8271467966501,47.0,-1,-1,-1
130,1,970.7982512043317,158.19360780576068,1034.3265765518095,303.43957209995114,66.0,-1,-1,-1
130,2,799.2291479106887,167.87799179345177,875.5763930984444,362.07341541150276,51.0,-1,-1,-1
130,3,720.6500461590446,136.43190223291927,799.1494593730309,360.81538076356617,47.0,-1,-1,-1
131,1,982.0915767333645,158.74930671042188,1046.3221204337142,307.9814619441441,66.0,-1,-1,-1
131,2,808.3235826281764,168.64162851450283,884.9757163963054,365.26146690068947,51.0,-1,-1,-1
131,3,733.9159893046495,133.82241709701245,809.9386274675259,362.08489883108496,47.0,-1,-1,-1
132,1,995.9000123075778,160.67348198406438,1068.3242698548577,313.17908352296433,66.0,-1,-1,-1
132,2,820.4224947705064,166.3059282103381,896.1690920513037,366.1704827849765,51.0,-1,-1,-1
132,3,744.4113264413342,135.49638956113296,821.127471665416,365.69464412586615,47.0,-1,-1,-1
133,1,1005.4611778854618,160.73385154214805,1081.9173830437512,317.79880126826873,66.0,-1,-1,-1
133,2,832.4557841858076,166.54561203071148,913.2231348098154,367.9390799920194,51.0,-1,-1,-1
133,3,752.3057475360905,133.76416458334108,831.1398924911786,367.1739400511832,47.0,-1,-1,-1
134,1,1019.5723662764185,161.98554482659335,1093.2001461923978,321.99813619908343,66.0,-1,-1,-1
134,2,837.5288072068687,166.44234699840538,927.0905534652956,370.0459005869401,51.0,-1,-1,-1
134,3,758.5706310933392,130.5437185377577,839.274438012251,367.02736615120443,47.0,-1,-1,-1
135,1,1033.4331696637785,160.48669981131445,1106.8436403911835,323.18924651789075,66.0,-1,-1,-1
135,2,847.034234272468,166.90222282784202,942.4846809351245,371.13547095461206,51.0,-1,-1,-1
135,3,769.7313682112349,125.47176042511175,850.1428145521847,366.3611411543757,47.0,-1,-1,-1
136,1,1050.7386656171936,163.85320061782596,1129.864732921981,332.7940772113257,66.0,-1,-1,-1
136,2,864.712244822905,163.90120001363067,957.9124874527904,368.6494915267111,51.0,-1,-1,-1
136,3,780.6028353755454,120.9884553597072,860.6453355432913,365.033369903385,47.0,-1,-1,-1
137,1,554.1409880000605,142.86728775760508,575.5005711867333,182.27608632348273,91.0,-1,-1,-1
137,2,1069.9908669913232,165.11432037509348,1153.2980354562008,340.0620877815129,66.0,-1,-1,-1
137,3,887.8055329527413,162.74468224920622,980.170331219962,368.4206075316504,51.0,-1,-1,-1
137,4,781.1187410864337,121.19214745099383,867.9517498847296,366.5904598468237,47.0,-1,-1,-1
138,1,1085.8460246870393,164.70602866104053,1171.4363183644348,343.17006232102494,66.0,-1,-1,-1
138,2,904.7942029576308,161.11676993003505,998.7881925843709,368.63436247541983,51.0,-1,-1,-1
138,3,781.4933412238433,121.97118520763787,877.4778775727459,368.57021679718855,47.0,-1,-1,-1
139,1,1102.7260392722717,163.04904650094957,1186.3399594890282,341.8662706106909,66.0,-1,-1,-1
139,2,916.1237321706708,161.8542036834204,1014.0725791512295,369.6716614092707,51.0,-1,-1,-1
139,3,783.9397972531758,122.07226460601576,889.7662914531797,370.278555167922,47.0,-1,-1,-1
140,1,1121.7058981300238,160.48547987730325,1204.3437522078316,339.80974994518687,66.0,-1,-1,-1
140,2,935.4575492297892,161.82629683403286,1041.637924655086,370.1729886752586,51.0,-1,-1,-1
140,3,792.6239329749244,117.05398316196273,905.6173361370397,367.7617536948209,47.0,-1,-1,-1
141,1,1137.5407822137754,160.65738542619323,1221.324484723133,339.4835410221244,66.0,-1,-1,-1
141,2,958.4479051616775,159.9077910596801,1066.4650867241953,369.44313614504404,51.0,-1,-1,-1
141,3,816.6169200822338,112.28614514339588,927.0167477983986,365.1740345807617,47.0,-1,-1,-1
142,1,1144.4884360726123,163.69133855868205,1228.4440112352927,347.21526319905996,66.0,-1,-1,-1
142,2,983.9175142365146,159.71955726064712,1090.5335880026778,369.5833724528361,51.0,-1,-1,-1
142,3,841.336704085838,110.54987662008631,946.5331180866652,366.06667340720486,47.0,-1,-1,-1
143,1,1165.2628088574318,174.63971036671882,1238.069561602472,354.02959707123165,66.0,-1,-1,-1
143,2,1003.5852673084419,160.59534275869458,1114.4043392780645,369.50585824184253,51.0,-1,-1,-1
143,3,860.43935704861,110.39834384913269,963.1058280380246,367.5749175190812,47.0,-1,-1,-1
144,1,1177.3056573165127,183.3634735852177,1240.4756440180731,358.2789599643751,66.0,-1,-1,-1
144,2,1026.363457526294,160.6710809270411,1143.2554582012217,369.4622854697411,51.0,-1,-1,-1
144,3,882.1065407245942,112.38688825602895,987.1913794459133,368.5606808961032,47.0,-1,-1,-1
145,1,1066.4287126453012,161.7287602865019,1190.7755973503265,369.9940276861489,51.0,-1,-1,-1
145,2,905.4215899453527,107.36513395470698,1011.4499242375489,367.4551793254219,47.0,-1,-1,-1
